2993 2431 2653 2437 2553 2601 2718 2389 2871 2850 2899 2534 2387 2672 2681 2791 2724 2781 2595 2713 2592 3035 2612 2734 2763 2924 2654 2766 2633 2505 2564 2840 2744 2872 2685 2613 2754 2662 2725 2875 2850 2472 2617 2626 2874 2569 2585 2406 2666 2544 2787 2698 2603 2702 2532 2848 2673 2876 2501 2576 3001 2353 2722 2763 2453 2657 2494 2623 2798 2722 2818 2453 2318 2529 2604 2925 2828 2984 2753 2433 2744 2791 3092 2735 2588 2315 2640 2621 3039 2765 2585 2589 2897 2269 2754 2665 2544 2560 2756 2511 
2605 1984 2197 2272 2114 2659 2305 1921 2508 2527 2450 2211 1927 2108 2228 2409 2355 2484 2037 2372 2460 2683 2152 2133 2294 2275 2353 2209 2174 2129 2277 2537 2407 2393 2382 2072 2296 2066 2243 2383 2449 1988 2284 2219 2163 2298 2096 2166 2331 1979 2208 2144 2144 2261 2048 2455 2404 2395 2003 2518 2528 2119 2176 2466 2025 2314 2161 2412 2201 2235 2356 2108 2096 2101 2483 2485 2380 2339 2420 1848 2282 2256 2478 2506 2298 1889 2260 2414 2523 2158 2214 2203 2731 1970 2310 2182 2029 2046 2419 2136 
2806 2182 2542 2283 2377 2661 2517 2405 2881 2712 2686 2427 2170 2394 2387 2766 2497 2739 2477 2543 2650 2717 2477 2341 2470 2697 2507 2583 2347 2571 2463 2529 2544 2623 2578 2303 2474 2311 2361 2825 2773 2398 2418 2538 2590 2296 2247 2353 2420 2296 2372 2566 2294 2603 2218 2563 2877 2619 2413 2629 2738 2313 2485 2761 2296 2704 2479 2700 2468 2326 2548 2178 2074 2379 2717 2722 2538 2637 2663 2247 2708 2722 2712 2585 2476 2308 2478 2495 2752 2733 2443 2260 2752 2255 2605 2493 2571 2313 2674 2421 
2499 2071 2238 2290 2238 2330 2265 2263 2504 2654 2620 2327 2080 2139 2490 2532 2226 2541 2280 2641 2356 2426 2230 2197 2458 2409 2316 2494 2115 2393 2248 2491 2475 2625 2489 2110 2535 2235 2338 2453 2469 2197 2218 2174 2415 2201 2145 2220 2296 2196 2364 2341 1997 2185 2233 2538 2517 2471 2173 2444 2556 2117 2217 2564 2257 2246 2328 2320 2518 2374 2248 2287 2104 2467 2367 2492 2378 2771 2463 2075 2357 2183 2647 2335 2471 2017 2364 2210 2493 2223 2148 2162 2558 2233 2378 2427 2355 2089 2340 2075 
2516 1922 1994 2036 2231 2266 2192 2132 2528 2436 2542 2141 1910 2100 2312 2362 2163 2485 1999 2272 2150 2303 2151 2167 2091 2112 2258 2298 2135 2143 1942 2301 2090 2310 2466 1951 2136 2302 2232 2172 2533 2039 2143 2170 2218 2064 2132 2158 1984 1888 1920 2222 2069 2340 1959 2362 2326 2448 1939 2301 2158 1965 2050 2314 1954 2325 2128 2118 2200 2189 2229 2178 1822 2184 2232 2154 2275 2407 2362 1664 2152 2380 2390 2170 2211 1868 2183 2085 2307 2187 2119 2128 2390 2066 2157 2172 2100 1804 2289 2062 
2899 2580 2591 2526 2620 2441 2586 2342 2820 3027 2904 2719 2346 2703 2476 2663 2492 2826 2374 2745 2650 3024 2443 2343 2647 2708 2755 2779 2365 2494 2538 2828 2989 2910 2822 2307 2795 2398 2667 2687 2802 2481 2688 2731 2756 2541 2604 2806 2593 2312 2588 2790 2271 2618 2435 2886 2687 2862 2271 2672 2814 2227 2600 2584 2352 2548 2513 2838 2758 2757 2797 2642 2703 2512 2819 2785 2917 2819 2481 2437 2448 2673 3024 2775 2596 2338 2821 2462 2962 2700 2444 2514 2946 2345 2780 2528 2518 2430 2539 2332 
2839 2472 2712 2514 2572 2426 2547 2309 2746 3023 2697 2655 2187 2478 2442 2791 2489 2788 2406 2729 2543 2920 2482 2422 2691 2772 2706 2643 2484 2464 2584 2865 2812 2786 2587 2488 2525 2412 2712 2804 2841 2431 2537 2606 2381 2443 2398 2503 2489 2447 2377 2483 2455 2626 2380 2867 2669 2686 2429 2701 2952 2483 2649 2786 2521 2746 2639 2692 2642 2534 2649 2401 2373 2679 2774 2724 2697 2794 2489 2260 2557 2568 2887 2734 2508 2373 2756 2287 2775 2448 2499 2569 3089 2345 2718 2520 2547 2230 2733 2675 
2915 2193 2246 2266 2487 2621 2621 2132 2697 2637 2668 2519 2245 2473 2424 2504 2528 2567 2249 2864 2547 2777 2254 2410 2402 2480 2521 2480 2471 2394 2312 2711 2640 2709 2533 2223 2496 2282 2324 2610 2641 2263 2513 2220 2649 2550 2343 2353 2427 2306 2383 2644 2276 2449 2215 2504 2391 2531 2095 2515 2646 2326 2357 2489 2352 2711 2302 2685 2459 2508 2419 2281 2078 2326 2593 2754 2524 2785 2394 2210 2502 2404 2727 2631 2411 2130 2598 2379 2813 2558 2455 2377 2817 2136 2560 2129 2355 2250 2668 2443 
2835 2259 2661 2302 2553 2685 2508 2324 2766 2936 2675 2711 2106 2552 2565 2660 2622 2755 2381 2525 2740 2737 2430 2444 2527 2574 2745 2647 2501 2481 2537 2714 2758 2633 2779 2298 2648 2559 2701 2729 2878 2501 2496 2513 2651 2556 2378 2564 2583 2236 2381 2632 2216 2497 2409 2719 2628 2839 2316 2711 2785 2431 2618 2761 2216 2727 2499 2743 2742 2482 2522 2460 2327 2440 2740 2674 2647 2634 2519 2292 2580 2713 2756 2464 2512 2363 2582 2538 2955 2532 2377 2325 2740 2391 2749 2558 2537 2304 2728 2311 
2603 2274 2457 2428 2375 2629 2550 2313 2616 2739 2797 2585 2237 2487 2370 2573 2286 2787 2388 2712 2459 2745 2523 2483 2598 2640 2570 2447 2326 2560 2257 2504 2766 2686 2748 2298 2417 2490 2270 2642 2748 2199 2459 2511 2531 2429 2311 2488 2258 2213 2389 2590 2138 2496 2351 2508 2551 2626 2210 2658 2608 2208 2569 2525 2301 2637 2499 2622 2431 2572 2520 2564 2246 2491 2552 2549 2642 2576 2369 2245 2394 2693 2862 2556 2442 2139 2669 2434 2790 2470 2352 2442 2901 2493 2462 2485 2339 2335 2450 2391 
2852 2503 2627 2497 2701 2671 2672 2293 2860 3000 2904 2834 2268 2454 2612 2834 2605 2765 2191 2716 2725 3055 2577 2570 2780 2722 2658 2659 2324 2461 2609 2608 2656 2939 2831 2372 2653 2495 2543 2617 2900 2445 2575 2746 2778 2489 2507 2529 2594 2339 2564 2725 2350 2774 2512 2702 2701 2743 2297 2646 2922 2382 2728 2742 2526 2789 2602 2985 2828 2573 2702 2453 2382 2557 2685 2692 2796 2787 2514 2451 2600 2461 2743 2822 2537 2521 2886 2568 2832 2664 2596 2690 2969 2362 2933 2567 2380 2438 2729 2599 
2631 2183 2320 2307 2359 2440 2472 2042 2747 2682 2728 2411 1904 2068 2384 2579 2435 2626 2343 2378 2233 2524 2281 2308 2255 2505 2400 2152 2317 2336 2332 2445 2461 2532 2594 2108 2231 2184 2227 2597 2514 2252 2177 2458 2347 2271 2246 2345 2257 2023 2267 2371 2215 2479 2093 2507 2623 2456 2283 2467 2650 2260 2310 2504 2085 2363 2313 2472 2453 2351 2361 2202 2101 2349 2508 2631 2571 2486 2418 2285 2433 2371 2478 2511 2293 2118 2322 2270 2568 2265 2338 2209 2614 2150 2318 2349 2229 2096 2474 2275 
2667 2267 2497 2192 2337 2538 2418 2184 2609 2516 2386 2454 2231 2485 2311 2451 2459 2627 2416 2467 2597 2481 2225 2198 2401 2435 2640 2517 2272 2261 2383 2684 2635 2578 2652 2179 2497 2381 2491 2561 2586 2295 2243 2455 2342 2242 2430 2289 2355 2351 2232 2524 2062 2354 1908 2767 2514 2410 2278 2392 2557 2335 2234 2618 2207 2550 2475 2588 2561 2517 2345 2431 2200 2507 2555 2512 2452 2664 2402 2184 2456 2367 2636 2557 2368 2137 2551 2340 2686 2527 2248 2156 2747 2233 2507 2434 2349 2069 2540 2325 
2756 2312 2595 2335 2507 2739 2538 2197 2780 2880 2725 2654 2254 2354 2472 2824 2435 2760 2251 2687 2691 2809 2309 2375 2437 2597 2563 2587 2395 2413 2581 2563 2741 2617 2687 2318 2657 2315 2376 2679 2719 2274 2468 2664 2486 2282 2445 2219 2483 2222 2417 2622 2207 2586 2325 2741 2667 2703 2306 2639 2604 2442 2469 2607 2155 2690 2425 2691 2829 2408 2715 2441 2526 2456 2622 2605 2834 2637 2497 2436 2535 2431 2630 2800 2603 2180 2674 2521 2695 2495 2456 2363 2890 2329 2583 2402 2285 2333 2587 2458 
2877 2144 2511 2328 2564 2592 2561 2527 2682 3060 2627 2577 2193 2472 2525 2691 2469 2643 2404 2686 2767 2760 2382 2385 2533 2776 2521 2765 2401 2398 2530 2699 2800 2922 2730 2159 2752 2522 2402 2611 2727 2403 2561 2656 2793 2438 2584 2498 2379 2305 2449 2591 2355 2602 2360 2767 2541 2638 2232 2643 2809 2364 2513 2631 2422 2788 2528 2919 2744 2508 2514 2334 2392 2444 2668 2648 2687 2852 2667 2226 2654 2664 3008 2678 2565 2313 2607 2458 2922 2746 2359 2269 2987 2358 2850 2394 2588 2230 2626 2575 
2591 2430 2586 2433 2551 2614 2615 2244 2934 2815 2824 2559 2200 2514 2752 2657 2643 2720 2220 2665 2834 2678 2338 2424 2395 2659 2681 2571 2425 2347 2410 2783 2774 2790 2627 2235 2681 2268 2590 2709 3046 2340 2593 2495 2509 2384 2604 2367 2413 2161 2514 2497 2341 2671 2193 2693 2865 2557 2370 2605 2840 2124 2537 2760 2363 2669 2440 2620 2557 2441 2643 2516 2268 2600 2757 2866 2457 2693 2677 2467 2653 2822 2833 2724 2570 2175 2694 2481 2756 2657 2349 2414 2772 2120 2783 2568 2438 2302 2670 2404 
2839 2665 2546 2673 2461 2554 2656 2259 2914 2885 2798 2665 2384 2582 2456 2931 2444 2774 2368 2803 2588 3049 2489 2396 2715 2697 2792 2671 2533 2332 2494 2731 2798 2904 2784 2332 2762 2595 2912 2842 2956 2233 2915 2638 2652 2532 2522 2718 2465 2419 2615 2559 2440 2837 2467 2967 2723 2729 2267 2690 2753 2318 2568 2638 2371 2644 2529 2956 2791 2644 2616 2803 2457 2605 2912 2703 2614 2916 2550 2490 2693 2719 2941 2876 2675 2346 2911 2491 2929 2873 2410 2618 2953 2364 2803 2653 2384 2407 2578 2517 
2636 2125 2585 2317 2373 2443 2627 2365 2819 2734 2861 2568 2289 2409 2575 2637 2563 2701 2323 2574 2582 2681 2547 2524 2330 2669 2424 2480 2301 2586 2552 2625 2698 2738 2798 2234 2590 2428 2313 2654 2703 2442 2649 2504 2743 2327 2526 2408 2324 2304 2244 2654 2256 2796 2312 2676 2653 2733 2224 2584 2673 2291 2569 2561 2309 2627 2416 2497 2469 2544 2735 2438 2272 2566 2462 2630 2518 2659 2588 2334 2544 2697 2685 2679 2514 2062 2525 2518 2682 2589 2362 2328 2736 2444 2655 2552 2477 2403 2587 2345 
2955 2592 2575 2640 2620 2600 2728 2453 2870 2930 2820 2828 2469 2740 2640 2839 2468 2727 2429 2864 2790 3065 2579 2498 2785 2679 2597 2653 2462 2565 2420 2976 2957 3032 2837 2463 2761 2372 2919 2748 2880 2235 2550 2562 2607 2567 2676 2451 2501 2298 2508 2657 2370 2683 2419 2929 2798 2891 2415 2750 2625 2422 2656 2854 2542 2738 2568 2737 2717 2723 2666 2665 2190 2727 2730 2858 2783 2891 2743 2502 2604 2772 3173 2811 2791 2242 2813 2628 2996 2659 2485 2651 2969 2514 2834 2731 2640 2479 2875 2401 
2869 2301 2386 2419 2359 2484 2579 2274 2689 2729 2735 2613 2232 2328 2416 2706 2497 2679 2207 2705 2791 2920 2390 2464 2590 2721 2607 2738 2381 2230 2346 2569 2579 2690 2496 2479 2523 2258 2436 2482 2819 2309 2488 2556 2434 2340 2401 2373 2350 2446 2389 2440 2481 2701 2319 2687 2417 2596 2395 2743 2773 2356 2680 2649 2391 2726 2478 2663 2570 2545 2604 2210 2288 2371 2756 2700 2443 2715 2612 2278 2604 2584 2911 2562 2616 2325 2660 2277 2705 2399 2555 2377 3057 2146 2628 2377 2421 2257 2685 2513 
2806 2375 2561 2422 2323 2721 2674 2224 2879 2766 2798 2388 2125 2522 2433 2575 2402 2825 2431 2706 2577 2850 2191 2257 2520 2590 2526 2347 2340 2562 2340 2762 2784 2631 2676 2492 2603 2111 2491 2739 2686 2253 2443 2536 2547 2374 2650 2363 2501 2202 2659 2816 2226 2385 2216 2703 2751 2598 2368 2658 2865 2345 2298 2706 2088 2526 2558 2812 2378 2550 2819 2337 2313 2617 2630 2935 2524 2696 2543 2493 2401 2612 2807 2748 2698 2204 2685 2422 2828 2613 2524 2285 2876 2202 2625 2480 2427 2462 2639 2264 
2648 2241 2304 2380 2292 2304 2218 2137 2706 2509 2615 2476 2026 2226 2408 2368 2387 2629 2156 2602 2372 2577 2211 2106 2320 2573 2478 2406 2153 2349 2133 2418 2736 2746 2439 2169 2272 1888 2445 2623 2456 2147 2258 2397 2352 2259 2367 2388 2207 2203 2219 2396 2006 2273 2103 2350 2594 2496 2402 2418 2537 2274 2212 2647 2279 2332 2160 2365 2474 2389 2387 2286 2054 2374 2367 2685 2564 2559 2353 2194 2305 2556 2787 2392 2349 2107 2398 2197 2763 2490 2241 2398 2708 2111 2454 2522 2323 2202 2406 2149 
2596 2464 2518 2341 2367 2573 2472 2249 2727 2774 2766 2475 2239 2424 2334 2711 2380 2706 2277 2730 2543 2797 2328 2415 2557 2544 2640 2727 2319 2431 2472 2513 2841 2644 2576 2310 2545 2270 2459 2812 2558 2411 2343 2634 2595 2358 2386 2424 2268 2214 2616 2757 2142 2465 2254 2687 2531 2584 2350 2681 2624 2366 2525 2606 2362 2694 2335 2689 2544 2392 2516 2425 2353 2564 2571 2544 2578 2654 2347 2279 2485 2472 2740 2469 2565 2341 2706 2450 2763 2453 2219 2319 2790 2371 2655 2482 2468 2256 2415 2427 
2888 2659 2747 2677 2549 2700 2766 2522 2997 2890 2915 2631 2400 2742 2585 2905 2632 2880 2451 2909 2866 3015 2637 2629 2824 2926 2689 2710 2651 2580 2600 2936 3009 3021 2892 2617 2777 2658 2785 2896 3033 2336 2770 2734 2677 2595 2727 2697 2718 2547 2831 2725 2383 2831 2393 2821 2738 2803 2485 2734 3088 2390 2770 2927 2499 2803 2664 2774 2582 2747 2714 2504 2317 2575 2669 2948 2702 2915 2750 2375 2752 2850 3151 2767 2706 2400 2883 2692 3016 2788 2665 2674 2936 2495 2869 2822 2653 2597 2789 2479 
2210 1993 2268 2094 1961 1842 1948 1844 2310 2088 2259 2140 2051 2124 2013 2028 2035 2170 1954 2183 1923 2149 2100 1943 2123 2281 2120 1981 1899 2036 1885 2152 2349 2136 2251 1871 1948 2059 1963 2245 2367 2023 2126 2160 2056 1838 2067 1901 1925 2092 2032 2037 1762 2097 1802 2105 2123 2116 1945 2015 2281 1753 2129 2075 2080 2025 2031 1994 2073 2118 2051 1990 1891 2004 2260 2458 2168 2352 1927 1907 2090 2179 2326 2262 1994 1843 2189 1801 2214 2048 1963 2121 2354 1777 2118 2111 1883 1845 2086 1914 
3069 2535 2765 2547 2559 2568 2888 2334 2864 3024 2828 2683 2371 2793 2579 2663 2617 2856 2517 2832 2597 3063 2402 2715 2835 2810 2710 2714 2651 2752 2586 2846 2966 2972 2915 2453 2579 2532 2511 2809 2863 2525 2652 2855 2750 2618 2599 2466 2533 2462 2702 2680 2494 2923 2425 2860 2766 2834 2456 2763 3105 2466 2709 2807 2681 2986 2533 2748 2972 2775 2675 2356 2365 2556 2598 3075 2730 3006 2706 2407 2843 2774 2954 2961 2630 2344 2843 2486 2931 2740 2696 2583 3147 2416 2798 2415 2673 2464 2594 2749 
2918 2439 2699 2452 2631 2579 2658 2485 2924 2969 2744 2581 2352 2550 2609 2691 2555 2642 2515 2829 2791 2927 2509 2390 2623 2763 2646 2541 2477 2611 2402 2836 2645 2768 2758 2381 2681 2524 2372 2749 2921 2483 2561 2708 2761 2281 2427 2571 2562 2219 2463 2669 2429 2554 2165 2751 2855 2803 2423 2659 2839 2273 2729 2605 2252 2689 2592 2738 2543 2649 2707 2159 2283 2455 2678 2910 2689 2782 2522 2304 2590 2680 2821 2601 2657 2381 2527 2400 2808 2710 2588 2349 2764 2407 2913 2481 2429 2477 2612 2636 
2657 2474 2533 2421 2291 2514 2500 1919 2695 2622 2672 2544 2099 2437 2129 2730 2390 2576 2208 2506 2545 2741 2203 2262 2509 2614 2413 2469 2475 2255 2383 2610 2663 2580 2496 2444 2379 2238 2547 2636 2599 2201 2321 2398 2236 2190 2374 2060 2425 2130 2689 2287 2228 2424 2221 2656 2391 2465 2312 2396 2702 2114 2402 2387 2122 2485 2199 2468 2384 2422 2392 2285 2298 2426 2657 2672 2528 2572 2373 2401 2428 2412 2827 2643 2499 2153 2524 2349 2630 2337 2355 2391 2814 2046 2455 2312 2190 2387 2679 2198 
2788 2534 2422 2535 2561 2712 2574 2328 2758 2935 2670 2483 2215 2477 2525 2862 2499 2562 2472 2785 2613 2912 2199 2385 2583 2778 2694 2502 2462 2406 2380 2779 2769 2756 2620 2459 2486 2592 2469 2865 2867 2334 2470 2360 2627 2249 2541 2345 2543 2358 2671 2575 2437 2532 2154 2823 2627 2525 2541 2631 2923 2191 2566 2700 2308 2714 2489 2717 2634 2555 2606 2303 2402 2572 2609 2897 2736 2759 2341 2377 2680 2312 2766 2745 2454 2336 2743 2425 2672 2556 2386 2487 2910 2360 2709 2376 2400 2301 2608 2694 
2323 2236 2418 2257 2240 2138 2382 2210 2580 2521 2418 2308 1943 2291 2216 2558 2194 2441 2125 2221 2269 2587 2245 2303 2446 2306 2312 2358 2092 2419 2244 2369 2349 2438 2565 2118 2177 2403 2411 2529 2458 2124 2248 2319 2371 2106 2188 2232 2212 2134 2265 2474 2210 2305 2046 2547 2470 2289 2087 2380 2460 2056 2386 2206 1964 2320 2209 2336 2380 2162 2430 2321 2140 2257 2320 2355 2301 2586 2194 2049 2333 2282 2404 2420 2142 1888 2254 2178 2442 2543 2268 2300 2475 2088 2560 2270 2211 2100 2163 2065 
2962 2545 2653 2516 2488 2757 2637 2407 2900 2766 2843 2565 2325 2529 2571 2712 2588 2805 2557 2876 2822 2974 2471 2414 2655 2899 2635 2758 2551 2447 2419 2755 2840 2845 2511 2505 2765 2370 2643 2777 2858 2311 2861 2639 2690 2431 2642 2492 2505 2421 2804 2603 2376 2737 2302 2901 2792 2802 2451 2689 2895 2285 2500 2808 2283 2759 2810 2680 2511 2699 2772 2553 2422 2559 2762 2746 2548 2794 2579 2388 2662 2846 2803 2880 2624 2114 2738 2613 2835 2649 2392 2538 3146 2141 2608 2604 2508 2368 2630 2345 
3084 2814 3080 2789 2916 2820 2710 2632 3203 3357 3143 2954 2520 2849 2818 3034 2613 3076 2600 2961 2999 3151 2754 2625 3024 3145 2886 3039 2555 2690 2920 3050 3117 3079 2781 2723 2880 2678 2903 2975 3145 2624 2807 2992 2844 2858 2808 2691 2723 2464 2912 2991 2536 2794 2699 2999 3019 3028 2655 2975 3090 2648 2842 3039 2758 3138 2741 3169 2779 2687 2858 2741 2578 2836 3006 3110 3066 3017 2891 2640 2715 2907 3239 2906 2841 2562 3099 2898 3278 2987 2502 2695 3253 2577 3040 2846 2871 2449 3095 2628 
2697 2367 2372 2428 2284 2655 2645 2287 2670 2760 2595 2551 2016 2489 2245 2551 2395 2838 2542 2736 2517 2764 2123 2227 2668 2599 2593 2592 2298 2391 2191 2683 2565 2582 2479 2512 2476 2307 2318 2663 2570 2205 2325 2431 2487 2323 2454 2153 2436 2410 2642 2659 2217 2482 2344 2634 2640 2531 2352 2677 2870 2179 2238 2551 2238 2576 2402 2463 2473 2561 2649 2407 2355 2516 2667 2562 2402 2821 2521 2244 2481 2437 2805 2466 2550 2083 2699 2226 2733 2394 2452 2410 2966 2143 2654 2391 2353 2280 2677 2375 
3001 2551 2760 2633 2646 2971 2699 2519 2984 3102 2867 2699 2480 2798 2582 3096 2766 3135 2653 2975 2897 3099 2620 2605 2859 2888 2963 2821 2535 2773 2513 2874 3063 2825 2931 2557 2891 2853 2733 3012 3021 2554 2619 2777 2935 2575 2633 2672 2550 2736 2803 2794 2563 2733 2493 3087 2849 2869 2605 2999 2948 2689 2760 2954 2569 2896 2670 3029 2876 2488 2747 2714 2627 2896 2965 2956 2736 3237 2859 2534 2874 2866 3071 2744 2809 2529 3023 2683 3165 2979 2636 2652 3131 2536 2894 2584 2832 2353 2921 2648 
3130 2610 2743 2644 2743 2702 2707 2573 3085 2963 3031 2767 2418 2625 2843 2957 2710 3026 2474 2814 2760 2945 2574 2694 2917 2786 3032 2752 2507 2738 2631 3007 2912 2831 3016 2385 2843 2627 2627 2833 3269 2593 2598 3036 2641 2489 2632 2589 2601 2540 2815 2878 2556 2821 2383 2962 2952 2885 2587 2816 3147 2519 2862 2812 2424 2754 2721 2863 2721 2863 2739 2482 2570 2653 3112 2911 2915 2959 2743 2507 2706 2810 3120 2835 2815 2381 2721 2572 3126 2704 2880 2759 3057 2459 2834 2664 2649 2576 2898 2710 
2593 2365 2447 2543 2461 2561 2438 2314 2677 2987 2738 2545 2239 2369 2309 2625 2562 2771 2400 2658 2299 2856 2605 2322 2507 2509 2522 2532 2277 2567 2527 2631 2622 2732 2704 2335 2454 2323 2570 2679 2649 2239 2596 2530 2448 2467 2358 2360 2481 2200 2594 2533 2225 2457 2369 2783 2642 2665 2238 2734 2791 2106 2331 2472 2434 2680 2502 2676 2544 2531 2544 2411 2287 2370 2534 2680 2649 2608 2468 2013 2533 2533 2748 2852 2590 2155 2651 2427 2835 2421 2377 2596 2913 2218 2483 2402 2369 2295 2542 2235 
2510 2132 2398 2028 2322 2468 2472 2173 2414 2476 2609 2483 2041 2204 2379 2494 2337 2526 2245 2511 2505 2755 2299 2339 2364 2463 2472 2414 2313 2294 2350 2583 2506 2524 2451 2185 2598 2276 2422 2574 2569 2367 2336 2251 2358 2187 2294 2269 2401 2230 2406 2407 2304 2367 2074 2598 2571 2391 2283 2264 2571 2342 2422 2393 2237 2560 2236 2576 2442 2352 2721 2062 2284 2273 2612 2592 2476 2738 2422 2237 2376 2235 2568 2515 2485 2204 2597 2226 2654 2300 2542 2277 2657 2238 2617 2498 2320 2190 2569 2329 
2829 2358 2471 2418 2635 2604 2568 2357 2853 2885 2811 2671 2310 2600 2600 2782 2523 2761 2487 2713 2698 2966 2474 2569 2569 2725 2470 2637 2479 2715 2419 2803 2870 2787 2718 2262 2636 2547 2455 2722 2878 2605 2556 2540 2804 2320 2479 2364 2488 2445 2370 2624 2258 2733 2331 2716 2789 2836 2446 2650 2585 2255 2712 2727 2513 2734 2640 2716 2715 2502 2630 2348 2561 2413 2832 2737 2788 2738 2731 2444 2578 2767 2892 2780 2651 2425 2645 2537 2725 2628 2567 2431 3077 2195 2624 2445 2329 2200 2776 2508 
2334 2061 2211 2091 2133 2284 2365 2108 2416 2615 2669 2131 1877 2110 2048 2138 2260 2504 2077 2225 2214 2529 2255 2073 2286 2347 2367 2431 2216 2248 2140 2410 2434 2515 2446 2137 2343 2159 2229 2325 2402 2260 2186 2225 2287 2166 2145 2250 2241 2005 2228 2236 1977 2266 1948 2488 2332 2446 2188 2144 2395 1683 2231 2038 2112 2407 2071 2444 2263 2387 2477 2226 2245 2127 2285 2606 2460 2381 2389 2054 2070 2295 2639 2348 2348 2116 2479 2261 2287 2256 2172 2180 2405 2201 2192 2168 2153 2055 2230 2248 
2638 2511 2509 2618 2617 2720 2568 2482 2669 2699 2782 2659 2446 2466 2541 2688 2627 2829 2603 2599 2500 2871 2659 2567 2633 2803 2757 2767 2444 2445 2538 2881 2827 2859 2868 2426 2499 2465 2601 2830 2846 2515 2534 2568 2790 2584 2617 2530 2374 2581 2531 2625 2205 2595 2395 2665 2765 2685 2525 2563 2869 2336 2494 2916 2514 2911 2561 2930 2647 2420 2744 2605 2448 2622 2900 2970 2986 2820 2617 2496 2624 2826 2950 2653 2663 2375 2830 2813 2971 2721 2351 2457 3098 2471 2622 2687 2557 2115 2746 2524 
2736 2332 2525 2221 2396 2670 2642 2365 2714 2754 2704 2444 2351 2488 2520 2496 2530 2683 2400 2719 2570 2818 2451 2382 2410 2415 2669 2542 2280 2595 2380 2660 2573 2708 2645 2182 2598 2323 2411 2813 2588 2527 2494 2469 2635 2320 2421 2355 2398 2308 2355 2687 1963 2405 2097 2814 2678 2694 2419 2523 2549 2257 2510 2654 2363 2610 2319 2766 2569 2479 2837 2375 2284 2384 2740 2716 2766 2734 2681 2287 2651 2612 2678 2639 2566 2274 2709 2616 2910 2670 2415 2371 2773 2403 2588 2446 2362 2250 2515 2540 
2939 2527 2774 2547 2356 2759 2598 2445 2803 2989 2803 2629 2283 2598 2659 3040 2508 2821 2510 2757 2816 3038 2597 2736 2894 2782 2764 2704 2457 2354 2623 2847 2905 2781 2670 2534 2741 2530 2750 3117 3142 2278 2579 2701 2473 2518 2479 2639 2592 2407 2617 2668 2625 2548 2424 3091 2745 2903 2510 2721 2749 2521 2727 2803 2355 2565 2647 2837 2884 2466 2861 2675 2640 2613 2753 2735 2775 2861 2636 2599 2579 2619 2724 2690 2555 2339 2825 2556 2932 2625 2540 2645 2772 2419 2822 2667 2538 2529 2744 2503 
2894 2442 2568 2301 2548 2522 2598 2334 3074 2732 2890 2605 2263 2365 2518 2649 2569 2678 2208 2560 2474 2791 2514 2332 2559 2484 2736 2584 2560 2342 2484 2524 2775 2840 2735 2330 2671 2295 2634 2594 2682 2361 2419 2694 2505 2371 2480 2660 2310 2091 2428 2549 2247 2644 2144 2693 2754 2599 2449 2662 2748 2356 2685 2610 2307 2599 2558 2722 2683 2694 2585 2514 2249 2525 2669 2887 2783 2835 2536 2133 2687 2624 2630 2675 2416 2011 2560 2437 2789 2547 2452 2561 2854 2180 2687 2567 2450 2318 2512 2561 
2876 2351 2566 2467 2486 2675 2690 2170 2911 3046 2970 2443 2167 2436 2574 2928 2458 2814 2632 2704 2590 2934 2388 2547 2758 2601 2596 2625 2614 2631 2501 2804 2915 2577 2593 2411 2838 2689 2502 2907 2979 2543 2762 2525 2699 2479 2417 2594 2604 2324 2590 2678 2403 2614 2460 2977 2969 2780 2415 2840 2871 2362 2603 2675 2313 2648 2491 2654 2620 2540 2893 2194 2444 2565 2747 2755 2732 2900 2775 2483 2668 2761 2932 2733 2822 2288 2686 2592 2681 2500 2597 2352 2882 2408 2829 2616 2483 2484 2910 2611 
2577 2162 2286 2084 2061 2306 2237 2290 2553 2371 2437 2279 1829 2208 2255 2422 2135 2468 2207 2308 2383 2511 2254 2075 2406 2467 2262 2300 2125 2316 2136 2214 2482 2501 2196 1932 2281 2033 2211 2286 2577 2015 2363 2312 2122 2194 2035 2173 2144 1812 2054 2162 2039 2246 2139 2575 2605 2448 2143 2314 2338 2184 2306 2392 2125 2185 2262 2233 2387 2158 2286 2201 1899 2141 2365 2316 2347 2514 2336 2056 2146 2281 2599 2246 2366 2082 2351 2167 2391 2191 2090 2173 2564 2188 2408 2264 2242 1950 2216 2052 
2533 2171 2361 2220 2440 2456 2460 2244 2718 2463 2624 2478 2094 2364 2390 2359 2570 2478 2434 2401 2442 2658 2398 2471 2337 2531 2513 2477 2373 2314 2320 2616 2545 2689 2796 2267 2453 2422 2367 2529 2750 2313 2266 2470 2533 2346 2468 2340 2276 2270 2344 2527 2273 2516 2198 2410 2609 2434 2252 2344 2654 2102 2428 2614 2287 2557 2260 2546 2444 2363 2501 2284 2075 2396 2546 2776 2245 2633 2472 2071 2599 2461 2551 2342 2501 2051 2576 2397 2725 2582 2336 2210 2653 2164 2448 2585 2272 2184 2451 2252 
2890 2351 2645 2522 2583 2482 2626 2271 2786 2804 3054 2691 2369 2491 2705 2870 2634 2984 2566 2647 2657 2881 2562 2492 2658 2908 2708 2554 2469 2544 2692 2786 2754 2815 2795 2435 2857 2717 2477 2773 2881 2496 2670 2763 2710 2501 2713 2569 2604 2481 2563 2686 2390 2707 2324 2814 2603 2799 2301 2773 2902 2328 2735 2636 2282 2602 2630 2903 2662 2791 2802 2411 2393 2688 2856 2685 2798 2709 2705 2433 2705 2645 2973 2847 2609 2432 2752 2590 2866 2716 2602 2484 2898 2559 2650 2737 2410 2531 2507 2510 
2581 2249 2336 2491 2371 2567 2374 2227 2462 2869 2539 2558 2156 2326 2392 2591 2399 2614 2334 2720 2421 2729 2395 2392 2503 2414 2777 2493 2358 2296 2420 2657 2457 2688 2583 2330 2577 2115 2522 2773 2613 2232 2177 2495 2415 2435 2370 2488 2266 2281 2471 2399 2153 2426 2182 2619 2474 2484 2339 2613 2736 2120 2296 2627 2228 2616 2401 2721 2496 2376 2605 2334 2177 2409 2570 2585 2530 2751 2395 2157 2511 2586 2618 2618 2467 2259 2590 2365 2828 2284 2422 2401 2806 2218 2561 2431 2489 2272 2504 2406 
2390 2066 2217 2223 2228 2182 2205 2000 2505 2641 2625 2224 1806 2225 2399 2447 2221 2455 2154 2422 2162 2579 2057 2104 2438 2370 2462 2145 1962 2274 1991 2384 2302 2359 2495 2062 2103 2206 2154 2389 2630 2276 2279 2268 2390 2051 2122 2146 2100 2094 2316 2159 2016 2213 2114 2245 2429 2352 2166 2234 2648 1972 2316 2305 2054 2275 2193 2348 2223 2300 2279 2231 2238 2336 2425 2553 2335 2605 2252 1938 2105 2298 2572 2235 2223 1995 2257 2214 2413 2310 2264 2296 2456 2018 2262 2221 2205 2028 2170 2050 
3020 2618 2743 2727 2787 2917 2788 2638 3049 3098 2900 2979 2444 2683 2571 2876 2780 3149 2671 2903 2982 2988 2602 2531 2614 3056 3069 2877 2656 2728 2745 2953 3030 3011 3139 2454 2824 2677 2586 3121 2944 2646 2761 2809 2865 2805 2785 2972 2752 2686 2523 2820 2367 2749 2615 3198 2982 3019 2583 2902 3217 2560 2706 2792 2657 3090 2812 3158 3078 2946 2989 2702 2887 2830 2990 3022 3025 3024 2779 2561 2827 2775 3128 2994 2788 2470 3128 2832 3141 2825 2762 2752 3157 2636 3018 2794 2698 2700 3053 2857 
2552 2269 2502 2088 2110 2231 2501 2212 2576 2448 2504 2312 2124 2293 2388 2214 2329 2566 1929 2262 2434 2579 2247 2296 2283 2461 2389 2474 2056 2493 2174 2467 2365 2673 2452 2086 2370 2068 2284 2398 2330 2215 2320 2352 2302 2246 2332 2061 2265 2158 2253 2434 1920 2279 2122 2674 2360 2385 2217 2441 2392 2169 2313 2326 2165 2460 2052 2410 2367 2300 2464 2369 2119 2235 2458 2510 2392 2337 2326 2163 2269 2222 2551 2365 2454 2063 2483 2273 2589 2336 2336 2340 2674 2225 2364 2319 2204 2128 2449 2116 
2907 2504 2866 2712 2676 2692 2829 2592 3037 3042 3043 2793 2281 2761 2792 2874 2538 2921 2683 2801 2847 3054 2385 2640 2849 2865 2816 2791 2597 2663 2616 3033 3017 2909 2864 2479 2757 2642 2748 3035 3115 2480 2757 2696 2736 2559 2627 2677 2481 2451 2652 2768 2556 2832 2491 3050 2920 2858 2579 2845 3104 2576 2613 2764 2474 2809 2657 2912 2862 2598 2852 2742 2812 2868 2958 2773 2890 2817 2647 2630 2690 2726 3170 2923 2847 2355 2988 2684 3016 2829 2669 2632 3192 2791 2871 2699 2545 2474 2678 2648 
2892 2258 2573 2498 2602 2641 2808 2512 2827 3010 2776 2555 2282 2429 2387 2636 2457 2671 2373 2830 2779 2968 2417 2507 2736 2775 2765 2743 2543 2582 2597 2731 2689 2942 2749 2284 2660 2579 2370 2814 2946 2395 2587 2699 2667 2552 2476 2654 2634 2268 2793 2793 2285 2503 2348 2572 2741 2790 2321 2623 2970 2474 2503 2633 2490 3028 2732 2831 2671 2642 2634 2245 2340 2472 2759 2778 2491 2906 2644 2400 2770 2564 2772 2451 2431 2240 2768 2643 3063 2549 2708 2425 2793 2609 2719 2513 2598 2354 2678 2661 
3188 2676 2732 2727 2642 2813 2959 2485 3063 3055 3043 2908 2588 2708 2762 2685 2811 2916 2661 2999 2766 3219 2716 2798 2818 2837 2893 2785 2671 2794 2512 2881 2994 2977 3023 2610 2863 2834 2735 2880 3085 2595 2940 2898 2826 2702 2963 2566 2786 2628 2879 2963 2404 2664 2512 3041 2808 2963 2584 3057 3032 2584 2769 2971 2440 2882 2719 2846 2838 2942 2991 2747 2527 2806 3014 2866 2842 2965 2835 2502 2879 2833 3120 2750 2855 2491 2982 2783 3140 2757 2769 2733 3202 2714 2888 2764 2482 2442 2799 2598 
2756 2353 2403 2180 2335 2375 2437 2218 2715 2539 2685 2486 2244 2382 2504 2429 2366 2584 2491 2595 2510 2802 2422 2378 2304 2576 2643 2585 2375 2349 2308 2718 2289 2648 2715 2294 2560 2347 2328 2525 2838 2445 2517 2439 2546 2449 2409 2539 2568 2337 2421 2439 2112 2483 2406 2655 2687 2454 2312 2561 2814 2088 2321 2650 2252 2701 2358 2607 2623 2583 2647 2194 2254 2290 2687 2736 2492 2616 2676 2055 2718 2666 2678 2430 2690 2316 2618 2485 2779 2538 2512 2439 2688 2315 2587 2470 2478 2236 2652 2257 
2776 2525 2377 2414 2609 2659 2652 2219 2894 2776 2760 2539 2051 2615 2502 2823 2382 2683 2385 2738 2624 2933 2410 2486 2560 2637 2527 2558 2440 2496 2339 2608 2890 2872 2670 2373 2610 2351 2705 2713 2775 2368 2544 2452 2723 2536 2439 2587 2360 2146 2391 2418 2387 2610 2314 2677 2748 2686 2299 2669 2707 2326 2429 2696 2355 2625 2368 2665 2527 2327 2496 2424 2161 2661 2600 2710 2511 2806 2638 2489 2542 2738 2864 2704 2463 2272 2523 2513 2725 2777 2330 2381 2860 2292 2588 2537 2487 2288 2492 2308 
2606 2242 2165 2226 2446 2417 2393 2171 2542 2646 2327 2416 2153 2363 2241 2457 2506 2667 2329 2611 2654 2638 2217 2292 2366 2425 2623 2504 2314 2138 2029 2608 2593 2619 2422 2237 2649 2238 2488 2430 2491 2172 2324 2428 2595 2288 2310 2333 2182 2217 2317 2446 2201 2364 2081 2759 2465 2390 2307 2531 2555 2208 2377 2749 2233 2699 2288 2566 2432 2413 2423 2347 2053 2373 2559 2576 2342 2662 2443 2275 2653 2590 2641 2395 2399 2263 2560 2333 2719 2544 2392 2218 2803 2057 2528 2300 2457 1939 2672 2512 
2576 2225 2253 2302 2375 2451 2551 2331 2722 2722 2523 2423 1896 2565 2417 2594 2346 2674 2210 2574 2516 2698 2212 2305 2378 2534 2638 2433 2224 2390 2229 2317 2617 2801 2504 2155 2492 2217 2414 2563 2606 2140 2383 2436 2644 2466 2391 2450 2303 2341 2246 2674 2138 2515 2104 2566 2635 2487 2224 2606 2683 2134 2522 2437 2184 2505 2234 2701 2272 2296 2430 2393 2070 2490 2460 2458 2504 2531 2387 2265 2375 2682 2725 2359 2360 2108 2610 2307 2635 2661 2085 2122 2705 2236 2640 2263 2372 2278 2479 2299 
2573 2117 2527 2302 2474 2344 2315 2225 2662 2708 2722 2378 2198 2254 2484 2614 2369 2601 2219 2435 2470 2705 2487 2335 2506 2596 2442 2524 2382 2103 2385 2534 2594 2583 2666 2247 2657 2310 2597 2572 2638 2311 2435 2504 2547 2140 2312 2393 2253 2141 2476 2197 2182 2662 2274 2511 2456 2409 2116 2379 2609 1916 2375 2576 2211 2418 2127 2529 2569 2242 2553 2381 2147 2351 2492 2693 2689 2616 2517 2337 2583 2658 2812 2584 2495 2193 2576 2474 2491 2580 2250 2204 2673 2096 2635 2509 2459 2297 2399 2350 
2829 2231 2324 2135 2387 2493 2355 2085 2690 2516 2467 2495 2300 2352 2333 2463 2299 2572 2177 2608 2576 2574 2280 2327 2530 2413 2458 2295 2158 2310 2226 2422 2784 2461 2443 2161 2687 2280 2291 2497 2612 2120 2351 2540 2469 2047 2323 2317 2173 2116 2247 2355 2187 2477 2044 2729 2509 2464 2031 2742 2417 2371 2531 2600 2352 2518 2225 2522 2403 2397 2262 2188 2094 2326 2729 2587 2500 2438 2553 2315 2539 2493 2785 2500 2448 2154 2491 2477 2874 2487 2300 2321 2775 2075 2382 2254 2362 2168 2659 2499 
2445 2224 2387 2227 2318 2466 2402 2196 2627 2565 2645 2317 2053 2273 2266 2553 2340 2483 2174 2501 2553 2601 2260 2197 2380 2403 2392 2151 2069 2300 2323 2664 2609 2464 2327 2091 2483 2267 2377 2766 2557 2223 2479 2276 2604 2048 2309 2207 2222 1978 2287 2441 2060 2495 1978 2611 2630 2280 2106 2443 2611 2176 2225 2362 2200 2577 2261 2584 2245 2331 2518 2297 2018 2303 2389 2472 2470 2476 2381 2149 2395 2342 2755 2587 2494 2035 2471 2420 2548 2510 2241 2135 2599 2341 2332 2455 2357 2218 2374 2344 
2633 2415 2500 2364 2322 2516 2590 2313 2693 2712 2574 2581 2348 2580 2384 2897 2485 2666 2426 2600 2713 2760 2354 2328 2684 2831 2603 2627 2308 2503 2526 2435 2765 2708 2600 2512 2368 2262 2422 2863 2682 2245 2376 2564 2434 2338 2168 2330 2313 2348 2338 2356 2278 2628 2277 2774 2473 2686 2360 2782 2886 2376 2585 2648 2411 2639 2657 2515 2730 2431 2525 2314 2331 2579 2499 2674 2658 2816 2522 2287 2606 2376 2792 2637 2449 2214 2576 2393 2605 2477 2361 2401 3062 2330 2571 2519 2407 2127 2454 2410 
2665 2288 2326 2267 2453 2548 2412 2160 2583 2637 2710 2573 2255 2304 2438 2723 2566 2471 2115 2555 2615 2730 2379 2371 2439 2679 2544 2634 2210 2389 2483 2547 2698 2777 2517 2186 2445 2239 2420 2635 2682 2322 2478 2501 2541 2364 2276 2412 2274 2277 2381 2424 2121 2640 2348 2614 2454 2646 2209 2416 2773 2241 2360 2627 2460 2610 2184 2515 2470 2287 2435 2282 2240 2337 2532 2553 2511 2756 2525 2413 2449 2551 2741 2537 2430 2421 2796 2563 2849 2449 2230 2438 2862 2305 2498 2460 2402 2202 2756 2283 
2936 2334 2567 2426 2681 2472 2527 2317 2976 2882 2828 2844 2250 2633 2504 2713 2440 2602 2411 2776 2674 2888 2330 2314 2641 2740 2728 2757 2348 2454 2477 2600 2799 2726 2767 2354 2657 2453 2636 2487 2782 2411 2588 2845 2490 2371 2609 2528 2463 2425 2600 2593 2287 2523 2363 2765 2624 2640 2230 2680 2810 2407 2458 2618 2378 2627 2574 2832 2612 2544 2593 2348 2391 2557 2746 2560 2501 2695 2555 2397 2509 2585 2964 2716 2655 2352 2792 2516 2992 2436 2473 2518 3029 2525 2610 2545 2331 2404 2682 2358 
2477 2031 2481 2121 2123 2296 2376 2258 2693 2588 2592 2236 2073 2295 2272 2221 2396 2483 2174 2383 2380 2574 2217 2157 2433 2547 2421 2471 2094 2179 2300 2429 2340 2580 2584 2130 2312 2126 2129 2318 2227 2267 2129 2309 2283 2220 2192 2159 2058 2184 2380 2517 1996 2390 2023 2364 2352 2453 2203 2206 2324 1974 2353 2471 2230 2415 2237 2392 2166 2368 2387 2170 2044 2166 2356 2521 2461 2399 2527 1910 2306 2353 2690 2297 2308 1932 2500 2306 2735 2547 2200 2088 2552 2254 2383 2349 2200 2032 2353 2157 
2612 2104 2280 2346 2458 2455 2453 2223 2631 2549 2650 2356 2143 2312 2410 2748 2320 2624 2230 2623 2654 2706 2401 2340 2430 2556 2516 2523 2311 2455 2429 2540 2596 2696 2523 2303 2620 2360 2370 2479 2786 2273 2270 2448 2515 2313 2268 2378 2291 2168 2288 2438 2188 2548 2197 2419 2507 2552 2259 2573 2647 2273 2602 2574 2211 2581 2345 2510 2280 2430 2429 2243 2262 2444 2604 2706 2456 2772 2494 2184 2508 2602 2829 2398 2403 2169 2514 2377 2675 2612 2276 2126 2823 2177 2556 2357 2360 2252 2477 2228 
2729 2194 2291 2579 2391 2356 2379 2107 2743 2621 2749 2549 2228 2614 2348 2837 2606 2629 2386 2714 2403 2690 2393 2384 2549 2630 2505 2600 2328 2463 2483 2707 2605 2637 2772 2488 2495 2415 2587 2650 2715 2318 2482 2278 2496 2402 2252 2408 2395 2350 2397 2488 2335 2627 2314 2697 2543 2613 2335 2549 2892 2222 2544 2677 2315 2573 2437 2417 2544 2591 2542 2355 2314 2393 2693 2557 2593 2850 2465 2268 2582 2552 2980 2566 2478 2189 2517 2414 2804 2467 2446 2437 2867 2235 2573 2408 2457 2173 2713 2312 
2584 2115 2365 2301 2239 2361 2312 2082 2496 2706 2513 2449 2242 2281 2221 2624 2328 2646 2134 2250 2592 2444 2232 2240 2278 2434 2428 2412 2311 2327 2350 2559 2484 2491 2364 2047 2459 2305 2254 2626 2491 2119 2167 2375 2416 2228 2187 2317 2284 2085 2148 2358 2120 2365 2077 2586 2454 2409 2075 2644 2412 2085 2340 2664 2196 2422 2303 2502 2685 2281 2344 2184 2063 2173 2475 2385 2622 2526 2347 2171 2404 2534 2590 2491 2353 2191 2467 2393 2501 2297 2304 2127 2723 2210 2325 2288 2301 2002 2579 2287 
3011 2375 2544 2772 2657 2595 2729 2353 2941 3089 3072 2660 2434 2771 2727 2916 2638 2953 2570 2891 2771 2960 2399 2398 2613 2941 2866 2599 2499 2630 2416 2940 2722 2930 2956 2478 2552 2490 2469 2898 2856 2617 2488 2704 2950 2613 2661 2702 2444 2458 2478 2681 2311 2734 2517 2979 2794 2999 2493 2720 2994 2508 2493 2921 2545 2724 2606 2875 2703 2748 2775 2510 2692 2795 2676 3046 2845 2996 2688 2582 2575 2815 2967 2647 2708 2260 2885 2582 3032 2756 2509 2467 3130 2476 2733 2499 2517 2340 2822 2605 
2775 2354 2599 2527 2651 2626 2736 2177 2926 2971 2847 2751 2190 2591 2409 2735 2518 2685 2235 2731 2627 2839 2406 2341 2382 2536 2591 2359 2414 2414 2383 2588 2774 2806 2695 2307 2633 2447 2620 2729 2764 2419 2307 2573 2748 2450 2522 2468 2455 2251 2503 2653 2364 2593 2355 2745 2724 2621 2332 2633 2902 2428 2425 2567 2392 2650 2321 2616 2572 2532 2631 2610 2378 2515 2655 2779 2711 2867 2422 2474 2559 2643 2711 2691 2614 2346 2688 2506 2965 2554 2374 2541 2858 2388 2596 2415 2514 2333 2720 2378 
2564 2253 2383 2377 2344 2497 2432 2360 2690 2787 2535 2454 2218 2267 2266 2524 2336 2674 2372 2697 2549 2741 2212 2182 2496 2539 2343 2404 2235 2375 2151 2448 2715 2425 2525 2335 2534 2327 2353 2479 2452 2185 2563 2349 2464 2208 2310 2149 2178 2203 2462 2470 2179 2222 2185 2818 2420 2654 2133 2705 2438 2185 2320 2504 2190 2538 2482 2532 2331 2399 2510 2325 2190 2343 2368 2678 2453 2450 2572 2195 2540 2364 2784 2403 2513 2107 2506 2387 2739 2501 2438 2339 2797 2261 2601 2383 2353 1988 2723 2229 
2698 2342 2510 2241 2459 2547 2527 2202 2661 2696 2742 2562 2213 2448 2336 2479 2509 2455 2188 2613 2525 2816 2292 2302 2288 2717 2379 2503 2338 2329 2384 2617 2607 2787 2600 2344 2610 2228 2470 2580 2665 2197 2415 2446 2691 2250 2474 2532 2289 2156 2364 2619 2122 2660 2221 2572 2633 2565 2272 2533 2659 2230 2455 2488 2160 2676 2483 2695 2599 2462 2620 2497 2476 2478 2545 2604 2594 2759 2424 2211 2359 2450 2734 2432 2365 1989 2661 2310 2784 2531 2243 2302 2748 2166 2532 2358 2435 2366 2502 2321 
2626 2184 2367 2385 2396 2429 2461 2097 2460 2747 2653 2570 2163 2423 2267 2529 2419 2545 2140 2592 2529 2690 2336 2187 2498 2496 2537 2403 2314 2398 2349 2428 2616 2598 2446 2239 2491 2329 2479 2599 2624 2398 2524 2209 2519 2243 2369 2293 2357 2218 2306 2387 1931 2591 2213 2617 2420 2489 2073 2505 2787 2013 2413 2506 2242 2505 2456 2539 2555 2484 2367 2444 2208 2428 2507 2362 2495 2740 2467 2435 2397 2477 2674 2422 2320 1963 2686 2436 2534 2273 2220 2328 2814 2230 2452 2340 2356 2172 2588 2353 
2591 2271 2281 2490 2514 2451 2264 2184 2679 2734 2459 2470 2030 2234 2374 2586 2350 2537 2176 2673 2548 2581 2324 2194 2341 2536 2433 2387 2188 2337 2370 2840 2618 2584 2678 2191 2497 2341 2371 2514 2737 2188 2478 2387 2451 2311 2325 2500 2426 2080 2419 2387 2199 2448 2109 2490 2574 2447 2152 2437 2795 2001 2238 2399 2131 2695 2311 2492 2293 2300 2439 2120 2227 2321 2633 2624 2460 2621 2468 2176 2619 2569 2696 2630 2373 2098 2516 2280 2631 2513 2324 2303 2649 2199 2608 2274 2391 2203 2608 2319 
2611 2515 2329 2507 2463 2336 2595 2210 2476 2831 2577 2322 1964 2522 2352 2736 2385 2580 2285 2660 2555 2745 2256 2255 2496 2535 2375 2204 2096 2206 2292 2770 2568 2639 2322 2117 2282 2137 2506 2714 2703 2102 2405 2234 2623 2179 2332 2340 2418 2200 2368 2464 2238 2560 2282 2709 2507 2596 2177 2378 2553 2018 2402 2586 2439 2590 2464 2505 2743 2240 2407 2384 2176 2399 2375 2578 2578 2551 2396 2461 2359 2368 2804 2519 2437 2210 2563 2324 2689 2455 2143 2596 2593 2010 2510 2202 2470 1968 2460 2351 
2948 2490 2461 2436 2421 2556 2705 2367 2900 2778 2939 2577 2223 2690 2613 2588 2512 2859 2381 2644 2795 2758 2433 2389 2604 2737 2735 2609 2563 2601 2379 2781 2871 2904 2564 2285 2733 2386 2420 2618 2901 2468 2642 2711 2656 2672 2494 2722 2520 2174 2525 2737 2217 2597 2256 2734 2765 2665 2502 2556 2833 2190 2668 2540 2278 2651 2483 2769 2566 2685 2652 2594 2360 2368 2801 2838 2681 2915 2598 2592 2441 2761 2945 2642 2595 2412 2815 2320 2750 2705 2618 2419 2834 2414 2796 2417 2412 2261 2655 2511 
2838 2498 2420 2410 2417 2484 2589 2329 2703 2671 2795 2614 2360 2552 2509 2674 2495 2645 2274 2636 2748 2853 2466 2374 2423 2713 2711 2582 2411 2428 2342 2723 2775 2747 2772 2176 2654 2473 2498 2734 2700 2317 2534 2544 2613 2424 2572 2685 2398 2434 2540 2539 2234 2556 2159 2863 2565 2746 2341 2424 2668 2430 2561 2639 2491 2769 2472 2779 2521 2511 2552 2339 2376 2493 2550 2750 2541 2763 2546 2393 2543 2547 2933 2531 2460 2320 2716 2462 3052 2577 2439 2581 2651 2455 2654 2616 2489 2330 2587 2395 
2663 2317 2635 2566 2590 2585 2670 2507 2728 2806 2952 2649 2317 2487 2625 2785 2494 3090 2484 2592 2649 2841 2823 2683 2536 2665 2694 2779 2604 2524 2570 2702 2593 2899 2936 2372 2778 2507 2543 2863 2957 2566 2414 2719 2692 2376 2429 2581 2525 2477 2500 2601 2330 2718 2454 2589 2767 2819 2427 2631 2769 2266 2684 2712 2513 2689 2645 2572 2670 2634 2722 2435 2331 2483 2688 2946 2597 2621 2547 2344 2795 2893 2910 2644 2550 2321 2561 2481 2970 2586 2603 2429 2888 2258 2640 2721 2499 2500 2531 2371 
2902 2382 2720 2450 2530 2589 2637 2297 2911 2796 2786 2579 2423 2784 2393 2918 2463 2823 2481 2786 2621 2851 2504 2443 2673 2860 2626 2530 2362 2584 2581 2520 2745 2952 2747 2289 2611 2476 2558 2857 2839 2402 2813 2527 2617 2401 2588 2615 2406 2609 2461 2628 2311 2696 2330 2758 2756 2711 2495 2702 2908 2337 2833 2724 2493 2702 2493 2753 2655 2452 2644 2425 2302 2371 2886 2649 2698 2818 2535 2479 2578 2647 2916 2901 2654 2488 2713 2693 2890 2610 2400 2443 2909 2339 2739 2609 2505 2320 2617 2560 
3050 2715 2613 2639 2702 2682 2798 2458 2911 3026 3018 2671 2384 2857 2774 2939 2809 3057 2490 2884 2744 2933 2513 2696 2632 2760 2813 2827 2427 2689 2625 2972 2865 2921 2884 2580 2619 2560 2765 2875 2993 2669 2664 2857 2790 2443 2709 2585 2519 2411 2809 2924 2505 2763 2342 3065 2669 2926 2568 2745 2958 2374 2691 2864 2482 2921 2454 2676 2826 2801 2837 2675 2548 2767 2645 3060 2813 2900 2631 2518 2651 2640 2962 2695 2783 2508 3004 2418 3100 2725 2510 2546 3009 2482 2749 2628 2699 2387 2697 2469 
2640 2430 2485 2409 2296 2626 2562 2142 2606 2793 2783 2415 2038 2268 2434 2748 2520 2687 2367 2513 2307 2696 2258 2350 2445 2583 2356 2601 2276 2347 2414 2568 2818 2414 2484 2181 2461 2423 2540 2689 2633 2222 2496 2293 2400 2355 2342 2267 2375 2267 2544 2505 2431 2391 2194 2694 2551 2696 2142 2600 2695 2250 2490 2539 2270 2610 2401 2405 2506 2422 2638 2394 2113 2553 2753 2629 2559 2723 2558 2391 2396 2354 2913 2587 2580 2182 2644 2404 2793 2330 2295 2384 2641 2383 2448 2617 2541 2148 2549 2203 
2654 2156 2434 2310 2348 2381 2400 2179 2729 2666 2523 2568 2158 2336 2276 2529 2462 2464 2120 2509 2396 2486 2444 2247 2313 2370 2414 2428 2317 2331 2417 2471 2765 2647 2505 2054 2619 2426 2369 2426 2660 2180 2496 2537 2494 2330 2431 2374 2466 2151 2272 2515 2152 2496 2051 2589 2559 2403 2082 2382 2606 2293 2478 2360 2229 2665 2312 2507 2548 2450 2579 2249 2075 2152 2636 2446 2623 2699 2334 2050 2570 2582 2642 2677 2384 2166 2441 2379 2700 2309 2272 2370 2722 2294 2508 2405 2388 2151 2434 2343 
2425 2028 2207 2143 2371 2381 2294 2208 2727 2433 2561 2270 1951 2290 2489 2322 2182 2379 2154 2489 2382 2352 2066 2169 2193 2611 2182 2340 2087 2302 1996 2435 2502 2394 2430 2135 2488 2282 2033 2370 2660 2207 2208 2226 2315 2132 2276 2137 2039 1905 1976 2296 2285 2244 1987 2500 2478 2546 2054 2257 2327 2084 2357 2261 1961 2253 2380 2280 2129 2307 2443 2172 2141 2372 2380 2470 2328 2542 2443 2092 2128 2331 2528 2374 2331 2031 2277 2276 2466 2431 2230 2255 2572 2111 2277 2309 2125 2036 2371 2185 
2558 2385 2607 2268 2297 2615 2475 2415 2574 2526 2517 2476 2094 2512 2368 2498 2191 2812 2404 2475 2447 2542 2374 2259 2435 2514 2586 2365 2381 2282 2343 2627 2611 2489 2681 2281 2577 2566 2388 2625 2495 2053 2342 2568 2430 2444 2510 2179 2262 2343 2293 2639 2187 2350 2053 2735 2521 2394 2233 2655 2536 2212 2271 2305 2147 2604 2326 2783 2479 2465 2401 2483 2153 2415 2661 2612 2611 2524 2480 2056 2466 2503 2750 2758 2511 2063 2664 2357 2826 2646 2348 2387 2759 2481 2419 2468 2333 2250 2376 2363 
2617 2496 2467 2475 2561 2444 2548 2274 2710 2648 2809 2644 2284 2359 2409 2642 2313 2649 2225 2687 2641 2742 2454 2169 2320 2681 2587 2574 2309 2407 2409 2599 2728 2780 2638 2134 2527 2218 2428 2563 2605 2247 2560 2468 2630 2467 2463 2666 2327 2292 2356 2485 2154 2657 2347 2637 2695 2649 2311 2495 2659 2244 2368 2398 2382 2729 2378 2618 2560 2500 2598 2615 2410 2679 2569 2667 2625 2738 2415 2470 2343 2688 2765 2665 2517 2300 2658 2421 2809 2625 2208 2526 2819 2431 2506 2564 2430 2231 2454 2285 
2442 2071 2419 2121 2029 2131 2031 1876 2248 2261 2403 2224 1990 2269 2369 2158 2167 2391 2100 2139 2403 2297 2011 2090 2233 2448 2350 2258 2226 2046 2294 2482 2266 2320 2304 1831 2225 2056 2138 2512 2415 2211 2113 2200 2008 1972 1999 2036 1963 1971 2062 1871 1919 2229 1697 2374 2278 2178 2042 2061 2209 1941 2101 2414 2309 2292 2126 2343 2471 2142 2014 1977 1890 2142 2206 2290 2224 2199 2185 1977 2141 2058 2607 2271 2229 1858 2406 2073 2422 2159 2195 2034 2519 2099 2208 2210 2006 1883 2198 2350 
2475 2188 2236 2175 2215 2530 2478 2231 2424 2563 2473 2212 2047 2214 2300 2358 2281 2480 2086 2353 2471 2527 2194 2089 2173 2432 2507 2257 2197 2139 2317 2637 2391 2381 2318 2035 2347 2157 2147 2564 2417 2096 2144 2281 2410 2249 2312 2092 2328 2198 2196 2351 2087 2298 2011 2632 2529 2419 2053 2361 2588 2020 2131 2443 2288 2562 2241 2464 2337 2347 2460 2271 2086 2267 2314 2769 2422 2313 2305 2022 2288 2154 2459 2531 2222 1904 2471 2271 2522 2223 2054 2207 2536 1905 2315 2218 2354 2090 2490 2386 
2718 2371 2452 2237 2238 2429 2514 2225 2462 2610 2667 2409 2049 2491 2625 2645 2256 2651 2365 2599 2562 2626 2228 2339 2472 2534 2373 2422 2376 2368 2219 2614 2687 2595 2446 2227 2562 2288 2427 2616 2802 2189 2661 2444 2578 2386 2470 2268 2375 2300 2362 2445 2136 2341 2233 2623 2393 2704 2157 2486 2632 2070 2436 2527 2081 2343 2286 2612 2422 2315 2473 2402 2170 2336 2665 2575 2346 2541 2384 2431 2235 2505 2698 2468 2520 2289 2492 2358 2618 2582 2313 2294 2577 2253 2486 2432 2226 2111 2325 2149 
3014 2441 2756 2483 2621 2688 2769 2483 2967 2767 2766 2574 2524 2513 2512 2651 2618 2851 2482 2872 2812 3107 2695 2573 2760 2921 2750 2706 2381 2595 2667 2720 2937 3057 2828 2396 2843 2569 2714 2713 2904 2485 2815 2757 2598 2581 2657 2613 2683 2544 2822 2688 2413 2684 2371 2832 2782 2850 2550 2680 2902 2374 2770 2693 2506 2846 2607 2809 2674 2774 2839 2507 2466 2465 2979 2961 2772 2966 2810 2394 2711 2707 3006 2854 2726 2440 2746 2734 3113 2800 2659 2566 3108 2579 2720 2738 2589 2417 2701 2404 
2714 2288 2878 2256 2419 2560 2499 2425 2901 2834 2832 2571 2366 2564 2481 2487 2670 2862 2318 2661 2620 2644 2440 2399 2458 2781 2605 2627 2426 2499 2406 2720 2692 2830 2769 2178 2692 2345 2490 2816 2850 2335 2542 2507 2408 2368 2508 2468 2295 2264 2453 2600 2270 2455 2280 2746 2666 2560 2383 2568 2677 2250 2470 2665 2386 2717 2424 2618 2670 2508 2584 2665 2354 2506 2680 2682 2705 2723 2591 2327 2343 2509 2934 2687 2676 2366 2832 2434 2895 2627 2551 2577 2624 2454 2652 2479 2466 2278 2687 2467 
2533 2436 2254 2195 2413 2319 2291 2230 2777 2502 2511 2422 1986 2327 2550 2567 2117 2605 2255 2556 2349 2692 2251 2317 2483 2279 2508 2455 2164 2160 2090 2471 2480 2526 2561 2185 2498 2088 2210 2461 2707 2337 2314 2463 2361 2202 2271 2471 2158 2173 2177 2458 2049 2237 2205 2624 2673 2329 2251 2316 2426 2286 2266 2468 2081 2400 2223 2564 2444 2199 2510 2305 2230 2277 2442 2590 2482 2397 2407 2349 2464 2430 2563 2327 2499 2141 2496 2331 2760 2643 2371 2430 2492 2170 2566 2431 2246 2184 2473 2313 
2452 2255 2226 2412 2334 2343 2391 2060 2655 2711 2668 2560 2138 2207 2356 2599 2288 2534 2161 2515 2410 2687 2325 2184 2493 2492 2518 2255 2080 2394 2261 2551 2688 2455 2428 2308 2382 2415 2352 2436 2528 2243 2222 2458 2318 2350 2347 2253 2270 2120 2261 2307 2221 2240 2156 2652 2481 2522 2047 2527 2491 2043 2354 2546 2183 2376 2244 2667 2341 2249 2457 2252 2145 2460 2764 2603 2533 2365 2659 2133 2294 2389 2618 2593 2468 2244 2718 2290 2529 2414 2144 2304 2800 2403 2388 2283 2123 1968 2579 2247 
2801 2385 2736 2387 2598 2593 2532 2262 2884 2886 2844 2630 2220 2475 2547 2754 2465 2712 2294 2698 2703 2800 2514 2431 2527 2838 2623 2509 2380 2530 2482 2747 2809 2573 2597 2341 2771 2576 2503 2626 2962 2469 2616 2565 2632 2375 2449 2522 2441 2247 2509 2557 2438 2602 2363 2801 2582 2616 2280 2572 2594 2091 2426 2466 2158 2690 2366 2559 2471 2379 2686 2388 2307 2492 2528 2726 2754 2678 2613 2483 2318 2598 2810 2830 2622 2559 2692 2462 2737 2662 2343 2449 2760 2565 2607 2398 2408 2302 2689 2323 
2507 2240 2247 2272 2294 2538 2349 2122 2573 2500 2595 2341 1993 2131 2345 2492 2236 2744 2145 2582 2444 2511 2296 2173 2412 2382 2652 2486 2100 2110 2136 2460 2254 2626 2474 2105 2493 2060 2274 2490 2643 2084 2250 2377 2388 2294 2429 2497 2271 1984 2278 2337 2123 2166 2053 2452 2543 2397 2185 2670 2548 2296 2268 2365 2058 2450 2211 2586 2254 2259 2499 2271 2120 2359 2599 2447 2451 2475 2233 1966 2300 2370 2627 2321 2381 2133 2329 2259 2739 2291 2237 2226 2594 2249 2511 2388 2262 2181 2312 2156 
3008 2506 2732 2477 2574 2508 2772 2530 3016 3074 2922 2842 2444 2555 2555 3020 2727 3010 2606 2814 2931 2847 2508 2466 2775 2911 2970 2713 2452 2694 2723 2876 2955 3077 2815 2530 2655 2460 2609 2766 2960 2482 2590 2737 2630 2474 2433 2604 2671 2457 2521 2654 2349 2954 2596 2944 2877 3024 2570 2765 2924 2514 2722 2907 2513 2811 2617 2580 3041 2636 2720 2628 2433 2608 2902 2961 2774 2853 2771 2640 2827 2741 2993 2801 2777 2497 2822 2543 2924 2683 2496 2515 3017 2568 2697 2653 2868 2314 3002 2499 
2929 2650 2734 2412 2677 2623 2811 2420 2858 2934 3078 2719 2470 2468 2774 2838 2769 2847 2478 2790 2861 3073 2645 2481 2716 2826 2871 2868 2489 2542 2604 3085 2925 2963 2867 2438 2661 2434 2852 2795 2900 2663 2588 2523 2707 2611 2582 2723 2735 2560 2702 2646 2417 2753 2509 2878 2893 2828 2729 2579 2804 2293 2580 2893 2620 2809 2441 2888 2888 2651 2706 2601 2580 2570 2792 3074 2905 2919 2768 2444 2450 2632 3065 2883 2818 2594 2693 2670 2999 2844 2592 2778 2890 2500 2920 2885 2656 2361 2907 2484 
2614 2111 2264 2548 2435 2391 2350 2178 2779 2789 2660 2511 2114 2326 2508 2632 2637 2606 2254 2614 2392 2745 2311 2268 2359 2581 2564 2377 2324 2385 2451 2495 2590 2668 2397 2203 2577 2167 2413 2632 2680 2435 2428 2266 2420 2411 2398 2379 2298 2139 2315 2388 2117 2344 2118 2564 2512 2713 2221 2494 2703 2221 2499 2568 2084 2390 2547 2488 2426 2335 2617 2195 2150 2365 2678 2611 2582 2616 2538 2267 2448 2494 2735 2561 2420 2044 2553 2365 2663 2363 2207 2162 2690 2297 2524 2313 2222 2265 2499 2190 
2638 2458 2304 2183 2410 2447 2432 2219 2585 2615 2701 2258 2127 2269 2427 2640 2239 2458 2249 2643 2392 2839 2381 2398 2733 2509 2454 2494 2251 2265 2208 2521 2593 2618 2381 2302 2461 2383 2335 2597 2679 2284 2379 2353 2445 2317 2243 2519 2236 2220 2455 2543 2127 2477 2227 2569 2495 2464 2366 2358 2474 2041 2452 2521 2234 2389 2369 2691 2543 2195 2481 2234 2128 2247 2396 2419 2550 2557 2453 2234 2392 2340 2590 2465 2519 2349 2805 2319 2563 2460 2321 2438 2620 2281 2601 2405 2286 2142 2404 2549 
2544 2179 2269 2192 2106 2149 2374 2132 2547 2539 2638 2279 2244 2233 2397 2420 2268 2443 2110 2424 2503 2404 2265 2148 2266 2517 2550 2363 2309 2283 2171 2632 2629 2390 2294 2057 2490 2366 2189 2647 2519 2167 2215 2353 2325 2299 2300 2194 2267 2151 2233 2386 1980 2342 2073 2675 2396 2459 2057 2264 2434 2040 2229 2475 2215 2367 2119 2450 2260 2307 2395 2267 2078 2292 2492 2485 2391 2563 2363 2324 2296 2392 2737 2372 2354 2062 2669 2168 2465 2383 2164 2216 2485 2245 2443 2247 2220 2122 2518 2443 
2926 2386 2533 2476 2539 2740 2599 2172 2871 2841 2787 2591 2260 2506 2518 2562 2638 2569 2361 2888 2515 3044 2369 2401 2477 2777 2759 2512 2470 2609 2586 2761 2894 2784 2848 2504 2512 2333 2523 2751 2712 2347 2563 2649 2512 2623 2479 2540 2604 2453 2495 2602 2184 2760 2334 2715 2756 2677 2455 2612 2891 2354 2288 2694 2479 2860 2340 2749 2565 2534 2707 2360 2363 2533 2614 2879 2600 2730 2713 2310 2694 2631 2914 2808 2511 2283 2871 2582 2909 2699 2478 2534 2915 2406 2527 2606 2462 2491 2635 2601 
